Time,X,Y,Z
13:58:46.337,-0.022192383,0.0018814089,0.8456314
13:58:46.366,-0.024147948,-0.005997162,0.75799215
13:58:46.377,-0.01755835,0.0022929842,0.6852691
13:58:46.397,-0.019977318,-0.005626744,0.61366606
13:58:46.420,-0.013804784,0.00262636,0.5553756
13:58:46.442,-0.01659911,-0.0053267055,0.49676186
13:58:46.464,-0.010764394,0.0028963943,0.4501618
13:58:46.470,-0.013862757,-0.0050836746,0.40206945
13:58:46.491,-0.008301679,0.0031151224,0.36493868
13:58:46.527,-0.0116463145,-0.004886819,0.32536864
13:58:46.536,-0.0063068806,0.0032922921,0.2959079
13:58:46.554,-0.009850996,-0.0047273664,0.26324096
13:58:46.574,-0.004691093,0.0034357999,0.23999302
13:58:46.595,-0.008396787,-0.00459821,0.21291755
13:58:46.615,-0.0075571076,-0.0041383887,0.19162579
13:58:46.637,-0.009657842,-0.0028456438,0.18059304
13:58:46.659,-0.00671452,-0.0014624466,0.16517048
13:58:46.681,-0.004285254,0.0013205168,0.14997178
13:58:46.703,-0.0049553607,0.001188465,0.12706445
13:58:46.725,-0.0068768174,-0.00222628,0.113918595
13:58:46.747,-0.0033326913,-0.0017839253,0.10450434
13:58:46.769,-0.0036586048,-0.0024844394,0.102183715
13:58:46.792,-0.003512472,-0.0046529877,0.08713133
13:58:46.815,-0.0053584888,-6.7206414E-4,0.072705306
13:58:46.836,-0.0019661938,0.0037896736,0.06895038
13:58:46.858,-8.906705E-4,-7.640985E-4,0.058979183
13:58:46.870,-3.621505E-4,-0.0031046807,0.0590139
13:58:46.890,-0.0027429266,9.4113906E-4,0.05728727
13:58:46.910,-9.305482E-4,0.0019456578,0.0480429
13:58:46.930,-0.0025953075,0.0010919122,0.04301889
13:58:46.951,-0.002775231,9.827209E-4,0.034761876
13:58:46.971,-9.596192E-4,-2.141839E-4,0.03282373
13:58:46.990,-0.0013031133,4.664141E-4,0.02712443
13:58:47.010,0.003441457,2.0004615E-4,0.026828894
13:58:47.030,2.1139222E-5,-0.004653943,0.022607954
13:58:47.050,-0.0010796076,-4.5319676E-4,0.021665527
13:58:47.071,3.4671242E-4,4.7102917E-4,0.020377869
13:58:47.091,-0.0036430361,-6.7470694E-4,0.017021753
13:58:47.111,0.0013355241,-0.0017058689,0.01400124
13:58:47.131,9.822445E-4,-0.0010958286,0.02007183
13:58:47.151,-0.0015329735,-5.4679275E-4,0.012571407
13:58:47.171,-9.4022433E-4,0.0036826911,0.012852355
13:58:47.191,-0.0019448327,-8.603828E-4,0.011127667
13:58:47.211,0.003083637,3.242881E-4,0.008037329
13:58:47.231,-5.2062474E-4,-0.0034434926,0.011628103
13:58:47.251,-0.0011277453,-6.8215095E-4,0.009806168
13:58:47.271,0.0020612017,4.8469706E-4,0.003112705
13:58:47.291,0.0014156289,-6.6240545E-4,0.0076354044
13:58:47.311,-4.4293294E-5,0.0018208275,0.009069127
13:58:47.331,-3.9862447E-5,-1.1906767E-4,0.010798969
13:58:47.351,-4.753286E-4,9.914719E-4,0.007961282
13:58:47.371,6.70836E-4,0.0026501373,0.0060665067
13:58:47.391,-5.5428158E-5,-4.713217E-4,0.0083163325
13:58:47.411,0.0039051932,-2.0446294E-4,0.0017718533
13:58:47.431,-0.0046152095,-0.0019418291,-0.0019209341
13:58:47.451,-0.0017366953,0.004184971,0.0037642645
13:58:47.471,0.0041498654,-4.083306E-4,0.0014103836
13:58:47.491,0.0010981576,2.9168237E-4,-0.0031251526
13:58:47.512,-0.0020878294,0.0020203264,-3.9570095E-4
13:58:47.532,-0.003636858,6.048124E-5,-0.001894191
13:58:47.552,0.0015608106,5.443327E-5,-0.0025836772
13:58:47.571,-7.9253543E-4,0.0026857085,0.0075623714
13:58:47.590,0.0019234353,0.0010987783,-0.0068168705
13:58:47.610,-0.0028831637,-0.0029661776,0.0017749653
13:58:47.630,-6.173072E-4,0.0026038776,0.0073104026
13:58:47.650,-9.950325E-4,-7.350237E-5,-0.0024293452
13:58:47.671,-2.3634841E-4,-0.0031423236,-0.0015272753
13:58:47.691,-0.001531074,-1.9137248E-4,0.0032397103
13:58:47.711,-7.1878824E-4,-6.116881E-4,-0.0010393836
13:58:47.731,-0.0010863633,0.0025256525,-0.003132738
13:58:47.751,-3.1854704E-4,5.152748E-4,-0.0052364976
13:58:47.771,-0.0033628654,0.0033201927,0.0058339876
13:58:47.792,0.0033454946,-5.2745146E-4,0.0032730664
13:58:47.812,0.001253131,-6.94433E-4,-0.002327624
13:58:47.832,-1.905417E-4,-0.0028222553,0.006694241
13:58:47.852,-0.0017095753,0.0020742281,0.0038275728
13:58:47.872,-0.0026372487,0.0016470784,5.8834866E-4
13:58:47.892,9.223733E-4,-0.0015938013,0.008439643
13:58:47.912,-0.0029052177,-7.752415E-4,-0.0011933267
13:58:47.932,0.0024390153,-2.582639E-4,0.0017824534
13:58:47.952,-8.810582E-4,-0.0013310707,7.2527345E-4
13:58:47.973,7.451363E-4,1.203959E-4,0.0010921891
13:58:47.992,0.0022087083,0.002305622,-0.0038510095
13:58:48.012,-0.0013080608,-0.0018800185,-8.292313E-4
13:58:48.032,5.805597E-4,-3.7365724E-4,-9.660588E-4
13:58:48.052,5.225029E-4,-0.0018743771,-0.0035061692
13:58:48.072,-6.283813E-4,-5.883065E-4,0.0029967856
13:58:48.092,7.528189E-4,-9.002289E-5,-0.0049932813
13:58:48.112,-0.0032775428,-0.0016191065,0.0018780478
13:58:48.132,-0.0029497875,0.0011795228,-2.8726974E-4
13:58:48.152,-0.0026548079,0.001281297,0.002378193
13:58:48.172,9.065736E-4,2.7426096E-4,-0.0013752772
13:58:48.192,-0.0022602587,-0.004367423,-3.5884406E-4
13:58:48.212,-5.6692377E-5,-0.006347673,-0.0036188792
13:58:48.232,0.00610132,-1.5194955E-8,-0.0010597083
13:58:48.252,4.3747795E-4,0.0028564318,-0.0024917782
13:58:48.272,-2.6545284E-4,0.002131336,-0.0035609195
13:58:48.292,-2.3890725E-4,0.0010392958,0.0011897285
13:58:48.312,0.002201977,9.3536614E-4,-0.0048618997
13:58:48.332,0.0019817778,-4.7652976E-4,-0.0017389837
13:58:48.352,0.0013441488,0.003745928,0.003928127
13:58:48.376,0.0018689126,0.002052976,0.0017774937
13:58:48.391,0.0014622957,-1.2986065E-4,0.003797037
13:58:48.411,0.0028541535,-1.1687466E-4,-0.0027349947
13:58:48.431,-0.0022652457,5.539923E-4,-0.0015826093
13:58:48.451,1.5854416E-4,0.0022564055,-7.6524226E-4
13:58:48.471,-0.0016151235,9.3213224E-4,0.005024206
13:58:48.492,-0.0014536103,6.191923E-4,5.666624E-4
13:58:48.512,-0.001088524,-5.413594E-4,0.0033665213
13:58:48.532,7.7814277E-4,-0.0018055829,-7.0553215E-4
13:58:48.552,0.001579233,1.3278796E-4,0.0035398167
13:58:48.574,7.6213037E-4,1.1950908E-4,-7.6922943E-4
13:58:48.591,6.859185E-4,-0.0053856056,0.0019443708
13:58:48.613,6.173255E-4,0.003502564,-0.0028643343
13:58:48.632,-0.005596749,-5.8304414E-4,7.180771E-4
13:58:48.656,0.0015547235,1.3444002E-4,0.002184281
13:58:48.670,8.089186E-5,-0.00141709,-0.0059442664
13:58:48.690,0.0016108871,-0.0034726465,-0.004251184
13:58:48.710,-0.0011869206,-0.002466202,-7.4987713E-4
13:58:48.730,-6.287764E-4,-9.012227E-4,-0.0015538239
13:58:48.750,-0.0016645314,-1.5192069E-4,0.0023368625
13:58:48.770,0.0022372718,5.224512E-4,3.4532664E-4
13:58:48.791,0.0017938191,6.8993267E-4,5.3058355E-4
13:58:48.814,7.355331E-4,0.0019392986,3.8023856E-5
13:58:48.836,-2.1692622E-4,-0.002429436,-0.0045800754
13:58:48.858,0.0028809393,-6.4840674E-4,-0.002803749
13:58:48.870,0.0028125711,5.1506684E-4,-0.0027430663
13:58:48.890,-9.84311E-4,0.002441099,0.0012665542
13:58:48.912,-0.0017647877,-2.7654818E-7,0.0020187653
13:58:48.930,-0.0044447556,-6.5942877E-4,0.0037945085
13:58:48.950,0.0021520646,9.446001E-4,-0.0051543233
13:58:48.970,-0.001578765,-9.0767257E-4,0.0043699234
13:58:48.990,7.7637716E-4,0.0011606339,0.004811817
13:58:49.010,-3.9989172E-4,8.248441E-4,0.002792468
13:58:49.031,0.0038149003,0.0022804455,-0.0014418919
13:58:49.051,0.0016755963,5.1431544E-4,0.0015587836
13:58:49.071,-0.0026667663,-8.554756E-4,-0.001893024
13:58:49.091,-4.2255042E-4,-1.10748435E-4,-0.0025826076
13:58:49.111,-8.197496E-4,-0.0011983064,-0.0012257101
13:58:49.132,-0.0011772261,4.5961016E-4,0.0021927415
13:58:49.152,3.913005E-5,-0.0031019757,6.5506063E-4
13:58:49.172,4.7466913E-4,-3.7478586E-4,-0.0011682368
13:58:49.192,-0.0013306101,-5.5703416E-4,0.0011458698
13:58:49.212,-0.0016370012,0.0054312865,-0.0038026774
13:58:49.232,-8.141214E-4,2.7390008E-4,-1.2642203E-4
13:58:49.252,0.0014645567,2.6783768E-5,-1.13779824E-4
13:58:49.272,-0.0030764283,0.00353973,3.3706057E-4
13:58:49.292,7.468381E-4,5.4903835E-4,-0.0027728241
13:58:49.312,0.0015510585,0.0037900328,0.006513166
13:58:49.332,0.0018354048,-3.243217E-4,-0.0011694038
13:58:49.352,7.729583E-4,5.8701664E-4,-0.0063258666
13:58:49.375,-8.424235E-4,3.0858826E-4,0.0022168588
13:58:49.391,0.0012193588,0.0018158155,-0.0013006881
13:58:49.411,0.001976329,-0.002540571,-2.9174314E-4
13:58:49.431,0.0013392438,-0.0049232324,-0.0033387085
13:58:49.451,-1.1303831E-4,-0.00311255,0.0022685947
13:58:49.471,0.0027547118,-0.0021421153,-0.0016936662
13:58:49.491,5.0170097E-4,0.0013679948,0.001551879
13:58:49.512,-4.273733E-4,0.0036481875,-0.003217538
13:58:49.532,-0.0036805342,-8.914356E-4,0.002597292
13:58:49.552,-6.757622E-4,-0.0025601045,0.008050458
13:58:49.572,-0.0023660003,0.0034087964,8.7338174E-4
13:58:49.592,-5.9131475E-4,8.70651E-4,0.003642413
13:58:49.612,0.0016650845,7.835858E-4,0.004157048
13:58:49.632,-0.0017973231,0.0013644069,-0.0024109653
13:58:49.651,-0.0016175911,-5.298462E-4,2.472037E-4
13:58:49.670,0.0020597917,-9.163149E-4,-0.0010958845
13:58:49.690,9.7490835E-4,-0.0012641363,0.0014306111
13:58:49.710,-6.606706E-4,4.0036332E-4,-0.0042055747
13:58:49.730,9.4348215E-4,-0.002056665,0.0012686937
13:58:49.751,0.0019477654,-0.0020707252,0.0015812479
13:58:49.771,6.543586E-4,7.7306596E-4,-0.0012135542
13:58:49.791,-0.0020477967,-0.0021606863,2.2619819E-4
13:58:49.811,0.0012331557,0.005086633,-0.006607885
13:58:49.831,-0.0017466054,1.8343826E-4,-0.0013328772
13:58:49.851,0.0010647743,-9.3353837E-4,5.5820186E-4
13:58:49.871,-0.002117876,9.176277E-4,0.0048969085
13:58:49.891,0.005784341,-0.0013714008,-8.661854E-4
13:58:49.911,0.003228369,-0.0034315262,0.0031755269
13:58:49.933,0.0011477175,0.0010864313,-0.0028549011
13:58:49.951,-0.0018234979,-1.2084472E-4,-0.0032285268
13:58:49.970,-0.0029595064,7.7014585E-4,1.7047525E-4
13:58:49.990,-2.4656247E-4,-4.055017E-4,0.0025703544
13:58:50.011,-0.0050558904,-0.0010241313,-0.0023008808
13:58:50.030,-0.0014741295,3.9664152E-4,-0.0062456373
13:58:50.051,0.0013100026,-0.001840288,0.005365254
13:58:50.071,-0.0016774441,0.0012001861,-0.0017631011
13:58:50.091,-6.3079427E-4,2.0126137E-4,0.0025880535
13:58:50.111,-0.0010071673,-4.780447E-4,-0.0053612664
13:58:50.131,6.3163607E-4,-2.1051396E-4,0.003304769
13:58:50.151,0.0034249187,-0.0010683687,-0.0038372977
13:58:50.171,0.0019837925,-5.220789E-4,0.006214421
13:58:50.191,6.867816E-4,0.0019471211,-0.0020974388
13:58:50.211,0.0010575567,0.002191862,-0.00474423
13:58:50.230,7.289628E-5,-0.0037402152,0.0010035965
13:58:50.251,-0.0036697427,-0.0033661935,0.0017821616
13:58:50.270,0.0010917606,0.0024635901,0.0011644441
13:58:50.290,3.234064E-4,0.0015580514,-0.0026873434
13:58:50.310,2.9106546E-4,0.002500879,-0.0017595029
13:58:50.332,0.0011408646,-6.0565386E-4,-0.0040004794
13:58:50.351,-0.0022691204,0.0036297163,1.3488258E-4
13:58:50.371,0.0016931435,-0.0039842324,0.003197602
13:58:50.391,-0.0028707008,0.004104621,-0.0050322777
13:58:50.411,-0.0012652718,-0.0011398257,0.0033811086
13:58:50.431,-0.0015781967,0.0020503285,-0.0031093012
13:58:50.451,-0.0038373705,-0.0025492355,-0.004336373
13:58:50.471,0.0018198056,-0.0011956793,0.002469314
13:58:50.491,7.589181E-4,0.001780334,2.508991E-5
13:58:50.511,-0.0037115046,-0.0021330507,-0.0052508903
13:58:50.531,8.344522E-4,-0.001260566,-0.0014298331
13:58:50.552,-0.0014462589,-0.0039909547,-8.474166E-4
13:58:50.572,0.0041915313,-0.002712953,0.004510738
13:58:50.592,-0.0019405113,0.0021726005,0.0027413159
13:58:50.612,-0.0015267344,-9.011053E-4,-0.0017076698
13:58:50.632,-0.0015937868,5.073645E-4,0.0076916134
13:58:50.652,0.0023009416,0.0013355342,-0.0018665727
13:58:50.672,0.0014116691,3.2307438E-4,7.789542E-5
13:58:50.691,-4.7858033E-5,-1.4868606E-4,-0.005203336
13:58:50.710,0.0010555632,3.056355E-4,0.003666628
13:58:50.730,2.908284E-4,0.001813158,0.0028605415
13:58:50.750,0.00509573,0.0022910216,0.0021350735
13:58:50.770,-6.8728306E-4,0.002281646,-0.0013743048
13:58:50.791,-0.0014974598,-3.6351063E-4,-0.0036538884
13:58:50.811,0.0017284566,0.0012109264,0.00835708
13:58:50.831,-0.0026191908,0.003506826,0.0037859508
13:58:50.851,-0.001698094,-1.3975504E-4,-3.279193E-4
13:58:50.871,0.001987339,9.728532E-4,-0.0035910665
13:58:50.891,-0.001507294,-4.4279164E-4,-0.0010347157
13:58:50.912,-9.171128E-4,-0.0014971453,0.0012659708
13:58:50.932,2.7323264E-4,-0.0024460636,-0.0039143176
13:58:50.951,0.0022234474,-0.001322551,-0.0046216003
13:58:50.971,4.6301764E-4,-0.001629749,-8.6346245E-4
13:58:50.993,8.5616886E-4,0.0027080306,0.0020792533
13:58:51.011,0.0020889114,2.0235502E-5,0.00253058
13:58:51.031,-0.0022947846,-6.4096786E-4,-3.5923306E-4
13:58:51.051,-0.0016258542,-0.001455777,1.1611377E-4
13:58:51.071,-0.0023421748,-6.510195E-4,-7.7438354E-4
13:58:51.091,-0.0025474099,0.0020508012,-0.0039928937
13:58:51.111,-0.0016334911,-0.0027685368,-0.0013963799
13:58:51.133,0.0027046625,0.0036606607,-0.0023553397
13:58:51.152,0.001994742,-4.4075702E-4,0.001615479
13:58:51.172,6.96637E-4,0.0022400375,0.0010144882
13:58:51.193,0.0021650593,0.0011371274,0.0024511286
13:58:51.211,-4.684392E-4,-0.0022724837,-0.0030673875
13:58:51.231,1.7860151E-5,-0.001386056,-0.0051776627
13:58:51.251,-0.00174174,-0.0025658095,0.0012727781
13:58:51.271,0.0012888786,-0.0014303224,0.004221718
13:58:51.291,6.136027E-5,0.0022283348,0.0037995654
13:58:51.311,-0.0010434103,2.476888E-4,0.002980156
13:58:51.331,0.002576554,8.820996E-4,0.001363802
13:58:51.351,-9.769992E-4,-0.0025020086,-0.0020685561
13:58:51.371,0.0026363279,0.0014835437,0.0016538919
13:58:51.391,-0.0022415628,6.760097E-4,0.003466103
13:58:51.411,0.0030363046,-0.002467763,-0.0023737194
13:58:51.431,-0.0010026786,-0.0033196195,0.006213254
13:58:51.451,-0.0026602203,0.0018463266,-3.4065873E-4
13:58:51.472,-0.0010758393,-3.15845E-4,-0.0022841543
13:58:51.492,-9.68256E-4,0.0016932786,-5.176496E-4
13:58:51.512,0.0011061108,-0.0026508537,-0.0048604407
13:58:51.532,-0.0018609444,-0.0026054953,0.00177798
13:58:51.552,5.224178E-4,7.3122646E-4,-0.005211408
13:58:51.572,4.701775E-4,0.0013172835,-0.00205358
13:58:51.592,-0.0015543802,0.0016250084,0.0073803235
13:58:51.612,-0.0011792167,0.0021216874,0.0029070259
13:58:51.632,-0.0030388362,-5.0747354E-4,-2.4020186E-4
13:58:51.652,3.412179E-4,0.0032786254,-6.556441E-4
13:58:51.672,3.0709614E-4,-0.0032015813,-0.0016887066
13:58:51.692,9.355686E-4,-0.0022222432,-0.0021790296
13:58:51.712,-9.15803E-4,0.0019550594,0.0013348222
13:58:51.731,-0.00214258,0.0032976393,7.6193584E-4
13:58:51.750,4.921646E-5,-5.4774963E-4,0.0015646184
13:58:51.770,4.837466E-4,0.0012648379,0.001188367
13:58:51.790,-0.0019816167,2.59448E-4,0.005683837
13:58:51.810,-6.848245E-4,-0.0010848563,0.0020392847
13:58:51.831,0.0022401041,-0.0011960975,0.0018353561
13:58:51.851,0.0037739072,-0.0041526593,0.0012123872
13:58:51.871,-3.3883535E-4,-2.042202E-6,-4.469505E-4
13:58:51.891,0.002112041,-1.8378298E-6,-0.007433518
13:58:51.911,-0.001395061,-8.805602E-4,-0.0038336995
13:58:51.932,-5.963746E-4,-3.53051E-4,0.005118925
13:58:51.951,0.0014408039,0.0012203401,-0.0037425782
13:58:51.971,8.57272E-4,0.0030758448,-0.004686659
13:58:51.991,-9.86268E-4,0.0014499013,-0.0011417854
13:58:52.011,2.1099411E-4,0.0019640909,-5.881542E-4
13:58:52.031,-2.9833776E-5,0.0019874081,0.0067216647
13:58:52.051,0.002170417,-0.0017269574,-0.0016409579
13:58:52.071,-0.0017819762,0.005696715,-0.0032346535
13:58:52.091,-6.569387E-5,7.3332376E-5,0.0019227818
13:58:52.111,0.0014789614,-0.0012523603,-0.0053007784
13:58:52.132,0.0011113378,-0.00266521,0.0026999856
13:58:52.152,3.4102646E-4,-6.408765E-4,0.0013314184
13:58:52.172,-0.0021100687,0.003378289,0.0020772112
13:58:52.192,-0.0012398841,0.0010629211,0.0034075598
13:58:52.212,-4.5671783E-4,-0.0025589957,0.0024076588
13:58:52.232,6.8759E-4,9.928021E-4,-0.0024474333
13:58:52.252,1.793795E-4,-0.003281283,-0.005059118
13:58:52.272,-0.0011569196,-0.0038320606,0.0033568938
13:58:52.292,5.7403504E-5,5.0622335E-4,3.8451745E-4
13:58:52.312,-8.272438E-4,-2.0357859E-4,0.0038617067
13:58:52.332,-0.001623426,-0.0032593927,-0.0026768406
13:58:52.352,0.0022742685,0.0012413511,4.4724223E-4
13:58:52.372,9.482108E-4,1.858305E-5,-6.9609913E-4
13:58:52.392,-0.0015636034,-6.424549E-4,-1.8700736E-4
13:58:52.412,-0.0018466946,0.002278236,-0.002145868
13:58:52.432,0.0020733243,5.123264E-4,0.0018041396
13:58:52.452,9.870856E-4,9.005469E-4,0.0033814975
13:58:52.472,0.0015475545,0.0016893985,0.0037025122
13:58:52.492,2.9416825E-4,-0.0017754397,-8.4245694E-4
13:58:52.512,0.0013633826,0.0030163622,-3.18778E-4
13:58:52.532,-9.131256E-5,-0.003217891,8.1172667E-4
13:58:52.552,-9.6109003E-4,0.003036515,-0.0043231472
13:58:52.572,0.0011125595,-0.0027603004,0.004458808
13:58:52.592,0.0034182966,-0.004242083,-0.0043366645
13:58:52.612,0.001758105,0.0018950161,4.9148995E-4
13:58:52.632,4.4211243E-5,0.0041225064,-4.36545E-4
13:58:52.652,0.0011384212,-0.0011237285,0.0029029415
13:58:52.672,-0.0022713176,-0.0010113557,1.956624E-4
13:58:52.692,-0.0022639115,8.4759225E-4,0.0012747231
13:58:52.712,-0.002037522,-0.002313339,-0.0036867582
13:58:52.732,-7.5956545E-5,0.0034111592,4.1728994E-4
13:58:52.752,-0.0020459006,-4.4558162E-4,-0.001382279
13:58:52.771,3.5595702E-4,-0.0023785625,-0.001903235
13:58:52.790,-9.979986E-4,0.0031327314,0.0026816058
13:58:52.810,0.0012990684,0.0010616457,-0.0024204957
13:58:52.830,-5.8865256E-4,-0.0019009643,-6.40279E-4
13:58:52.850,-0.0011889657,0.0026836633,-0.002773505
13:58:52.871,-0.0010700682,0.0017561174,0.0010194478
13:58:52.891,1.355694E-4,-1.773067E-4,-0.003257312
13:58:52.911,0.0018798257,0.001817963,-7.3431747E-4
13:58:52.931,-0.0044605006,0.0022953465,0.0024152442
13:58:52.951,8.1953383E-4,-0.006064071,-0.0033193564
13:58:52.971,7.3758134E-4,2.5522662E-4,0.005362142
13:58:52.992,-8.7426306E-4,0.004624235,-0.001765824
13:58:53.012,-0.0018854691,-8.9189905E-4,-5.1249546E-5
13:58:53.032,-8.180174E-4,-0.004538061,-0.0037814775
13:58:53.052,-0.0016151204,0.0014089093,-0.002963916
13:58:53.072,0.0036001012,-0.0013687004,-0.0015688974
13:58:53.092,-0.00159389,-0.0025501898,-0.0036092517
13:58:53.112,-0.001434501,0.0010007276,0.002464549
13:58:53.132,-0.0017305048,-1.9797773E-4,0.00507458
13:58:53.152,0.0015187175,-8.3735964E-4,-7.0631015E-4
13:58:53.172,-0.0012698728,-0.0011930772,0.0015616039
13:58:53.192,0.0017135594,0.001343223,-0.0036483454
13:58:53.212,8.830244E-4,0.002087807,0.0015504203
13:58:53.232,0.002991987,0.002098753,0.0020545525
13:58:53.252,0.0075267726,-0.0036042868,-0.0021059965
13:58:53.272,-9.163348E-4,0.0026887592,0.0027188517
13:58:53.292,0.0011528382,0.0019804304,2.4973214E-4
13:58:53.312,-6.107764E-5,0.003320473,0.0024220515
13:58:53.332,-7.141507E-4,-0.0036033713,0.0032785123
13:58:53.352,0.0026531639,-0.0039022134,-0.0025425416
13:58:53.372,0.0021681197,-0.0021936328,-9.699487E-4
13:58:53.392,-2.4595467E-4,-0.0021939962,0.0022032443
13:58:53.412,-8.805416E-4,8.818489E-4,-0.0028510112
13:58:53.432,0.0036020463,0.0010133907,0.003146936
13:58:53.452,-0.0011526893,0.0017909578,0.0010743927
13:58:53.472,-0.0027952306,0.0013921354,0.0011867138
13:58:53.492,-0.0027354322,0.0012529219,-0.0061830096
13:58:53.512,-0.002901343,-8.499095E-4,-0.0016096442
13:58:53.532,9.044159E-4,-5.45192E-4,3.091505E-4
13:58:53.552,-7.2411256E-4,3.8823357E-4,-0.0030175967
13:58:53.572,0.0024244706,-0.0025070352,-0.002056692
13:58:53.592,0.0015228445,3.803873E-4,1.2651927E-4
13:58:53.612,0.0022494642,7.8180153E-4,0.0049478663
13:58:53.632,-0.0014911053,0.0013628012,0.0018163928
13:58:53.652,0.0015144508,-0.0029482837,-7.822606E-4
13:58:53.672,-0.0034709775,6.424433E-4,-0.005757648
13:58:53.692,-0.0018055224,-0.0011796136,0.0022888223
13:58:53.712,-0.0022841482,-0.0023800114,-5.767762E-4
13:58:53.732,-2.9792142E-4,-0.0019222838,0.0016782038
13:58:53.752,-0.0011470338,-6.3142256E-4,0.0019498167
13:58:53.772,-1.5342346E-4,0.0014092588,2.166679E-4
13:58:53.792,0.0014000054,3.8942695E-4,0.0030514388
13:58:53.811,6.0082675E-4,-7.481487E-4,3.2928077E-4
13:58:53.830,3.2101775E-4,0.0017436586,-0.003438971
13:58:53.850,9.4809534E-4,-0.0026055116,0.0037164188
13:58:53.870,8.532849E-4,0.004246836,-0.0019286167
13:58:53.890,-5.5040384E-4,0.0018446135,-0.0030541618
13:58:53.911,0.00192163,0.001660152,-7.711744E-4
13:58:53.931,0.0012900153,-0.001582035,-0.0015729818
13:58:53.951,-0.0021348852,0.0018720671,0.0014407249
13:58:53.971,0.0018139525,5.8622746E-4,0.0037136958
13:58:53.991,3.1419826E-4,8.815163E-5,-0.0017114625
13:58:54.011,-0.0014750351,-0.0014587498,0.0021950754
13:58:54.031,-6.6835317E-4,-0.001312875,0.002854512
13:58:54.052,-3.817915E-4,-0.0022802204,-5.071468E-4
13:58:54.071,0.0011944755,-5.141122E-4,0.0034986811
13:58:54.090,-0.0026603236,-0.0030994199,-0.00564027
13:58:54.110,-0.003053472,-0.0016908452,-2.256147E-5
13:58:54.130,0.0025253135,-0.0028401199,-8.9924963E-4
13:58:54.150,9.544225E-4,-3.5884255E-4,0.0018273818
13:58:54.171,-0.0015580117,-0.002739951,5.460459E-4
13:58:54.191,-0.0016219369,0.0021483023,-0.001925602
13:58:54.211,2.980703E-4,0.0032518313,-1.9488441E-4
13:58:54.231,0.0024655273,5.096559E-4,0.0026810223
13:58:54.251,-6.374709E-4,4.586905E-4,2.1569543E-4
13:58:54.271,-0.0016723567,0.0034889935,-0.0028820334
13:58:54.291,0.0022302305,0.0018217346,7.021285E-4
13:58:54.311,6.888481E-4,3.212016E-4,4.1213582E-4
13:58:54.331,6.199633E-4,0.0018271673,0.0045457473
13:58:54.351,-5.406669E-4,-0.004947346,-0.0049176225
13:58:54.372,-2.6687508E-4,-0.0018158929,-0.0011299212
13:58:54.392,0.0012978984,5.6296244E-4,0.0024986828
13:58:54.412,-0.0043250555,-0.0012511462,-0.0045627654
13:58:54.435,-8.163794E-4,-0.0011260316,-0.004106479
13:58:54.451,-7.3474296E-4,0.0011838371,0.003335402
13:58:54.471,6.570937E-4,-0.0022304452,-0.0013926845
13:58:54.491,-6.779685E-5,1.8986476E-4,0.00797509
13:58:54.511,-0.0013793737,-0.0011474813,0.0019041103
13:58:54.531,0.001615008,-0.0032299985,3.9531197E-4
13:58:54.552,-0.001402938,-9.294599E-4,0.003431969
13:58:54.572,0.0013740738,4.2392407E-5,0.0041874866
13:58:54.592,0.0018958442,-0.0014999328,6.9259823E-4
13:58:54.612,0.003464073,-3.1580435E-5,-3.5884408E-5
13:58:54.632,2.612195E-4,0.0019491169,0.003922778
13:58:54.652,-8.635354E-4,8.752989E-4,-0.009213638
13:58:54.672,5.411805E-4,-3.1086372E-4,-0.0043371506
13:58:54.692,0.0026843287,0.0023569413,-6.075065E-4
13:58:54.712,4.3835622E-4,-2.9574474E-4,0.008901472
13:58:54.732,0.0039101453,0.0012719154,-9.973726E-4
13:58:54.752,-2.1622117E-4,0.0018039037,-4.58134E-4
13:58:54.772,-0.0015129587,-0.0025512916,-1.9264773E-4
13:58:54.792,-0.0013616625,-5.3835E-4,-0.0054468443
13:58:54.812,-0.0016649477,-4.845151E-4,-0.0027048478
13:58:54.832,0.0020171697,-0.0024136023,0.0048166793
13:58:54.851,-1.6208459E-4,2.447497E-4,-0.0024765104
13:58:54.870,-3.6560278E-4,0.005054259,0.0030445342
13:58:54.890,-7.68497E-4,0.0010332083,0.0027400516
13:58:54.910,-0.0026691854,-3.8847196E-4,-0.0047848793
13:58:54.930,-0.0010839078,-0.0036455228,8.8106426E-5
13:58:54.951,0.0018809289,-8.639787E-4,-1.404257E-4
13:58:54.971,-2.847018E-4,0.0014196848,-7.854698E-4
13:58:54.991,1.8322078E-4,0.001936896,-0.0018055983
13:58:55.011,1.648987E-4,-0.0033105044,-0.0011855469
13:58:55.031,0.002785129,9.75624E-4,0.003327525
13:58:55.051,-0.0016681904,6.583351E-4,0.002555281
13:58:55.072,-8.4219256E-4,0.001910861,1.0249909E-4
13:58:55.092,0.0020984719,0.0032578607,0.0031684279
13:58:55.112,1.3081337E-4,-0.0010230034,-4.4422757E-4
13:58:55.132,-1.0199462E-4,-7.0097635E-4,-8.392478E-4
13:58:55.152,0.004522461,9.072072E-4,5.6306424E-4
13:58:55.173,-0.0012032246,0.0023545725,-0.0010314093
13:58:55.194,1.5732858E-5,0.0029980212,0.003246615
13:58:55.214,-0.002183108,-0.0032343983,0.0022627597
13:58:55.233,-4.2671082E-4,8.243932E-4,0.004014094
13:58:55.253,-0.0036799416,-0.0014553117,-0.0036383288
13:58:55.272,-0.0017738591,-2.1114758E-4,-0.0043731323
13:58:55.291,-4.9784145E-4,-0.0023872985,-0.001518912
13:58:55.311,-0.0017664166,4.8696795E-5,0.008960113
13:58:55.331,-0.0033475885,0.0013621865,0.001692013
13:58:55.356,0.002040883,1.2733486E-4,-0.0011138753
13:58:55.372,5.1843666E-4,-0.0018629376,-0.0018813543
13:58:55.391,9.060448E-4,0.004915153,0.0013829598
13:58:55.411,-2.8319447E-4,0.0015671923,0.0021235982
13:58:55.431,0.0021621175,0.002289379,-0.0031424626
13:58:55.451,0.0010669989,-0.0014551836,0.0024451965
13:58:55.473,0.0013997533,0.0013270535,-0.0026332736
13:58:55.496,0.0021386838,-0.002321277,-0.0043475563
13:58:55.514,-9.316301E-4,-0.0036272358,0.0018000551
13:58:55.533,4.0439856E-5,-0.0026053323,0.0024989746
13:58:55.553,-0.0030397752,-8.067131E-4,-0.0045623765
13:58:55.573,-9.908023E-5,0.001031771,-0.0016891928
13:58:55.593,-5.2862643E-4,0.0011483204,0.0022151084
13:58:55.613,-0.0022335735,-0.00226241,0.0022132606
13:58:55.633,-0.0024496699,0.0032372684,-0.0017433597
13:58:55.653,-7.43945E-6,-0.002359896,-0.0015689946
13:58:55.673,0.003948385,7.335935E-5,-0.0016318166
13:58:55.693,0.0028943685,0.0016041094,-0.0027870222
13:58:55.713,-2.5151297E-4,0.0029817845,0.0012270716
13:58:55.733,0.0017511761,-0.0036884644,-8.731872E-4
13:58:55.753,-0.0034776542,-2.3719325E-5,-0.0016647836
13:58:55.773,0.0012646427,8.5755886E-4,6.9891935E-4
13:58:55.793,3.954639E-5,0.0012112561,-0.0039852113
13:58:55.813,-0.0012827703,-6.6768227E-4,1.4859451E-4
13:58:55.834,6.0332177E-4,0.0013766249,-0.004480494
13:58:55.853,-0.0040712697,1.4032959E-4,1.422734E-4
13:58:55.873,-0.0012471502,-7.526099E-4,-0.002728382
13:58:55.891,8.5510523E-4,8.6073723E-4,-0.0011372148
13:58:55.910,0.002087954,-1.0424271E-4,0.00117378
13:58:55.931,0.004296152,-0.0011924511,0.004132542
13:58:55.951,3.509123E-4,0.0026621455,0.0015220239
13:58:55.974,0.0025130876,-2.1061347E-5,7.1058905E-4
13:58:55.993,-1.5521343E-4,-1.8955327E-5,0.0019578882
13:58:56.014,-0.002556685,-8.9596637E-4,-0.0013141084
13:58:56.033,0.0020935123,-0.0012458226,0.0021132901
13:58:56.052,-9.337604E-5,-4.6206074E-4,-0.004030723
13:58:56.072,0.0012343196,0.0055167624,7.668955E-4
13:58:56.092,2.3198138E-4,0.0027678206,0.002228334
13:58:56.112,-1.0943407E-5,-5.851332E-4,0.0015660772
13:58:56.131,0.0013085075,0.0023298254,9.70046E-4
13:58:56.151,2.9875105E-4,9.982102E-4,-0.004180679
13:58:56.174,-0.0017086637,-0.0017383297,0.0039278353
13:58:56.193,-6.588897E-4,0.0015116753,-4.200129E-4
13:58:56.213,0.0031423501,7.013281E-4,0.001160068
13:58:56.233,-0.003983409,0.002169281,0.0019229763
13:58:56.253,0.0014686441,-4.6463913E-4,-0.0026638093
13:58:56.272,-0.0015346662,-0.0012970817,-0.0015185231
13:58:56.291,1.5688791E-4,-0.0016068264,-4.8779455E-4
13:58:56.311,0.0016792826,9.708484E-4,-4.389762E-4
13:58:56.332,-0.0031029012,-0.0013235019,4.8380738E-4
13:58:56.353,0.0011624658,-9.251886E-5,-0.0046181967
13:58:56.373,-7.1159494E-4,1.3645962E-4,-0.0013000075
13:58:56.396,-0.0023982471,0.0018806263,-0.0013896698
13:58:56.412,0.0044333744,-0.0016033348,-0.004766305
13:58:56.432,-0.0021623059,0.0022923502,-0.0062672263
13:58:56.451,-0.002385529,-0.0014525097,-0.0030037875
13:58:56.471,0.0018080994,-0.0015269856,-0.0046809213
13:58:56.491,-0.0023277882,-0.0011545602,1.8165873E-4
13:58:56.511,5.417093E-4,0.0020370677,0.0028002479
13:58:56.531,-0.0021491805,-5.836312E-4,0.001421567
13:58:56.551,7.024567E-4,1.3391144E-4,0.006992305
13:58:56.571,-4.6642436E-4,-0.0014175657,0.0023380294
13:58:56.591,-8.5923524E-4,-0.0017152622,1.2671377E-4
13:58:56.611,0.003181769,0.0010929828,5.53534E-4
13:58:56.631,-4.3230865E-4,3.245048E-4,-1.6104222E-4
13:58:56.651,0.002467369,9.51234E-4,0.0022720955
13:58:56.672,-1.9635833E-4,-4.622486E-4,0.002044925
13:58:56.692,-0.0021542618,2.4315575E-4,0.0033784828
13:58:56.712,9.1760815E-4,-0.0030770584,0.0056773215
13:58:56.732,-7.1223924E-4,-0.0014509929,0.0015939873
13:58:56.752,-0.0019593744,6.7164534E-4,0.002313523
13:58:56.772,-0.0022028887,0.0012636605,-0.003850426
13:58:56.792,0.004169745,3.8661474E-5,5.0277067E-5
13:58:56.812,0.0028738645,2.5452196E-4,-0.0039098444
13:58:56.833,-0.0026869604,0.0011079761,-0.003079446
13:58:56.853,0.0013170866,7.774518E-4,0.005578129
13:58:56.876,-0.001231615,-8.383794E-4,-0.004647663
13:58:56.894,6.493595E-4,-0.0011939945,-0.0061604483
13:58:56.913,0.0012436038,9.029439E-4,0.0061011272
13:58:56.931,-4.1883983E-4,-5.057098E-4,-0.0015402093
13:58:56.950,-3.7695645E-4,-0.0033115845,8.1104593E-4
13:58:56.971,-0.0012181674,-0.004957964,-0.0021265158
13:58:56.991,-2.1744285E-4,3.718164E-4,-0.00125469
13:58:57.014,-0.0010746055,0.0016529941,-0.0055237673
13:58:57.033,0.0027682078,0.004563866,0.004037336
13:58:57.053,-3.650588E-4,-0.00292377,9.968863E-4
13:58:57.073,5.5035215E-4,-0.0024116666,6.7752483E-4
13:58:57.093,-8.2304387E-4,-0.0021704999,0.0023675929
13:58:57.113,-8.15574E-5,0.0022213547,-0.0016045873
13:58:57.133,0.0019041345,-0.0010769527,-3.4542388E-4
13:58:57.153,-0.0026808095,3.491022E-4,0.006280938
13:58:57.173,-0.0013140963,-0.0014436207,0.003675283
13:58:57.193,0.0010145793,0.0015571866,-4.2750096E-4
13:58:57.214,-1.8550914E-4,0.003379007,0.00620703
13:58:57.234,-8.2614063E-4,0.0010635671,0.0049270554
13:58:57.254,-0.0053577838,-3.6114914E-4,-0.0030363654
13:58:57.272,-8.669269E-4,0.0012130518,-0.0031722204
13:58:57.293,3.1839815E-4,4.3256694E-4,-0.0010971487
13:58:57.312,0.0031430037,-7.093226E-4,-0.00823834
13:58:57.331,-6.869214E-4,-6.383902E-4,-0.005876485
13:58:57.351,0.002457942,-3.54825E-4,6.437799E-4
13:58:57.371,-6.442965E-4,-0.0016377016,-0.0035954425
13:58:57.391,0.0013976715,2.838809E-4,-0.0012582882
13:58:57.413,-0.0011590894,9.1467233E-4,-0.0017916919
13:58:57.433,-0.0017023608,0.0032401974,-0.0024913892
13:58:57.454,4.4541582E-4,2.794588E-4,8.3389913E-4
13:58:57.472,-0.0011372117,9.106924E-4,-1.2836698E-4
13:58:57.494,0.004030222,-0.0046735406,-0.00494952
13:58:57.513,-3.278798E-4,0.0023856102,0.0027964553
13:58:57.534,-9.5427054E-4,0.0034654087,-0.005613138
13:58:57.553,-0.001957475,-0.0017151167,4.4140738E-4
13:58:57.572,-0.0013222741,-8.8442524E-4,-7.014478E-4
13:58:57.592,0.0029847573,-7.959828E-4,0.0026646846
13:58:57.613,4.9565944E-5,-0.0018150173,0.0026179084
13:58:57.633,0.0015826944,0.0010032029,-5.002422E-4
13:58:57.653,-3.3338947E-4,-4.154768E-4,8.6813036E-4
13:58:57.673,-0.0011789553,0.0020430633,0.0020996754
13:58:57.693,3.7574086E-5,-0.002775501,-0.0071191164
13:58:57.713,-0.0015042702,0.0018965802,-2.5488625E-4
13:58:57.733,-0.0011341181,0.0017069221,-0.004184472
13:58:57.753,2.9765398E-4,-8.807621E-4,0.011395099
13:58:57.773,-0.0019293764,0.001184853,0.002784883
13:58:57.793,-0.00173644,-0.0017900778,-0.0012290166
13:58:57.813,-4.6416334E-4,-0.0020505232,0.003947674
13:58:57.833,-0.003713644,-0.0040427363,0.002893703
13:58:57.853,0.0021508855,-1.2283793E-4,-6.915285E-4
13:58:57.873,0.0010568912,-9.894605E-4,2.5653947E-4
13:58:57.893,0.0011709293,0.002405384,0.0035267856
13:58:57.913,0.0023721938,4.0703334E-4,9.7928445E-5
13:58:57.934,0.0012560698,-0.001830936,-0.0010105011
13:58:57.953,-0.001945708,0.0020875095,-0.0024476277
13:58:57.972,4.4612997E-4,-0.001856593,-0.0033014626
13:58:57.993,-0.0013562957,0.0027235977,-1.149468E-4
13:58:58.012,-3.417619E-4,9.1315206E-4,0.0025333029
13:58:58.032,0.003208038,1.6265744E-4,0.0011813652
13:58:58.053,0.002887233,0.0012450243,0.005897199
13:58:58.073,-0.0028946511,-0.0010767438,0.0015721065
13:58:58.093,-4.0792377E-4,0.0014479229,-0.0031993526
13:58:58.113,0.0018301351,0.0028412163,-0.0015610203
13:58:58.133,-3.3041736E-4,-0.0033755226,-0.0025036423
13:58:58.153,-0.0013960061,-0.0021590637,0.0021412973
13:58:58.173,-0.0021353106,0.002011921,-9.292019E-4
13:58:58.192,-0.0014823256,-3.8653688E-4,-3.9686792E-4
13:58:58.212,-0.0017735461,-5.6760944E-4,5.21734E-4
13:58:58.232,-0.0026948254,-5.108483E-4,-0.0034855525
13:58:58.251,4.3110215E-4,-0.0015583962,0.0014771927
13:58:58.273,-0.001150094,5.7498243E-4,-0.0065806555
13:58:58.293,-0.0012548115,7.3721097E-4,-0.0057028006
13:58:58.313,0.0012876631,0.001542396,0.0025579066
13:58:58.333,0.001158898,-5.893827E-4,0.0027416076
13:58:58.355,0.0036797258,-0.003606617,0.003566171
13:58:58.375,0.0041906624,0.0026866621,0.004967316
13:58:58.395,-0.0017215671,-0.0024159884,-5.8319455E-4
13:58:58.415,0.0028451188,2.2876005E-5,-0.0016234533
13:58:58.440,-0.0027128283,4.6004172E-4,0.00447145
13:58:58.455,0.0010740798,-2.5415842E-5,-5.899046E-4
13:58:58.472,5.272194E-4,0.0012954851,0.002764947
13:58:58.491,9.139492E-4,-1.5242287E-4,-0.0023455177
13:58:58.511,0.0025803647,-5.766337E-4,-0.0010122515
13:58:58.531,0.0010039702,-0.0018373299,-0.0026688662
13:58:58.551,-0.0028317776,9.831219E-4,4.5443856E-4
13:58:58.571,-0.0032077827,-0.0013124559,0.005243013
13:58:58.591,-4.7001036E-4,-0.0022798432,0.0012030515
13:58:58.611,0.0022137105,0.0036610318,-0.004410378
13:58:58.631,0.0024317915,-0.0010996027,-4.5375785E-4
13:58:58.653,-0.0035242785,-1.107359E-4,-0.001287268
13:58:58.673,-5.351329E-4,-5.391155E-4,-0.0015979744
13:58:58.693,0.0023748258,-4.575049E-5,-5.592716E-4
13:58:58.712,8.1898377E-4,-4.117529E-5,0.002133323
13:58:58.733,0.0040329844,0.0017207544,-7.1671564E-4
13:58:58.753,-3.2539087E-4,-6.485868E-4,0.0041889455
13:58:58.773,-0.0018309375,0.0020529907,-0.0017231322
13:58:58.793,3.296971E-4,-0.0036454727,-1.27394505E-5
13:58:58.813,-0.001241361,-0.0015231131,-0.0017692277
13:58:58.833,-0.002215856,-0.0013708019,-0.0015923341
13:58:58.853,0.002180534,-1.3508885E-4,0.00318107
13:58:58.873,6.441233E-4,-0.0023188456,-6.526294E-4
13:58:58.894,0.0021177968,7.694843E-4,-8.0705876E-4
13:58:58.913,0.0025652002,0.0048673404,0.0025694792
13:58:58.933,3.3114062E-4,0.0021833407,0.0018730882
13:58:58.953,0.002055838,8.663738E-4,0.002564714
13:58:58.973,-0.0038626366,0.0016586428,0.004285804
13:58:58.991,-8.39655E-4,-4.8476047E-4,-7.5707346E-4
13:58:59.010,-0.0016345943,-4.362844E-4,0.003932892
13:58:59.031,-5.922295E-4,0.0015848831,0.0035396223
13:58:59.051,3.45901E-4,-1.1169128E-4,0.0025263983
13:58:59.071,0.002948031,-7.597018E-4,-0.002999703
13:58:59.092,-0.0017413055,-0.0022218174,1.5676332E-4
13:58:59.112,4.103641E-4,-2.2096883E-5,-0.005352125
13:58:59.131,3.693286E-4,-0.001557973,6.762606E-4
13:58:59.151,7.71849E-4,0.0045304415,-0.0068620904
13:58:59.174,2.5521143E-4,0.002759038,8.553909E-4
13:58:59.193,-0.0017478483,-0.0032297566,-0.0023063268
13:58:59.213,0.001063656,1.6939147E-4,0.003417382
13:58:59.233,0.0013967416,1.5245251E-4,-0.004395013
13:58:59.253,-0.0029177354,0.0023344727,0.0019771433
13:58:59.272,0.0024277465,-0.0014145995,2.1588992E-5
13:58:59.291,-0.0028687378,0.0022424855,0.001777202
13:58:59.312,0.0015929388,0.003556323,-0.0016964864
13:58:59.332,-3.2416615E-4,-0.002951653,-0.0019662515
13:58:59.353,-0.0038073757,1.9995763E-4,-0.004186611
13:58:59.373,0.0022862512,-9.1867085E-4,0.0019449543
13:58:59.393,-0.0010185452,5.210236E-5,-0.0015454607
13:58:59.413,0.0015003013,-0.0010517405,0.0060797324
13:58:59.436,-0.0023850792,0.0016901523,-0.0028778517
13:58:59.454,-0.0025860234,6.422309E-4,-0.0034689233
13:58:59.476,9.684778E-4,-3.008983E-4,-0.001364191
13:58:59.494,6.519031E-4,-5.108202E-5,-0.0018868974
13:58:59.513,5.867137E-4,-4.8542678E-4,7.1875786E-4
13:58:59.533,-1.3113854E-4,2.5688971E-6,2.0742937E-4
13:58:59.553,9.806094E-4,-0.0010963208,-0.0011316716
13:58:59.573,-0.0046106144,-5.4723566E-4,0.0071114334
13:58:59.593,-8.536556E-4,-2.7278555E-4,9.071267E-4
13:58:59.613,-1.09111934E-4,-6.849601E-4,0.006309626
13:58:59.633,-0.0022954654,0.0035583407,-0.0028906884
13:58:59.653,-7.475614E-4,0.0018841472,-0.0021622058
13:58:59.673,2.0610134E-4,-0.0016001663,-0.006779916
13:58:59.693,0.0010644005,5.3738954E-4,-0.004783615
13:58:59.713,0.0020565917,-1.7552909E-4,0.00624165
13:58:59.733,0.0036087472,-0.0030144216,0.0018822295
13:58:59.753,0.0010506066,-0.0020537996,-0.0035793965
13:58:59.773,5.060923E-4,-5.300601E-4,0.0011730992
13:58:59.793,0.0013343876,-0.0013559606,-4.288624E-5
13:58:59.813,7.614952E-4,0.0011966279,-6.9775234E-4
13:58:59.833,0.003322064,-2.1667627E-5,4.705817E-4
13:58:59.853,-5.2576675E-4,-8.984074E-4,0.0063562077
13:58:59.873,-0.0011323707,0.001388699,-0.0030684571
13:58:59.893,2.9922818E-4,-2.8825665E-4,-0.007815313
13:58:59.914,0.001367938,0.0010589284,0.005051241
13:58:59.933,0.0016705972,0.0013924887,0.0030079691
13:58:59.953,-0.0011331821,-0.004020198,0.0031466442
13:58:59.973,0.0031549407,-0.0014209122,1.9527342E-4
13:58:59.993,0.0019605414,6.98718E-4,-7.0319825E-4
13:59:00.020,-0.0015314145,-6.895133E-4,9.0527895E-4
13:59:00.040,-0.0011585455,-1.8110867E-4,0.0019133488
13:59:00.060,-0.0030202284,-6.024511E-4,-0.0020133194
13:59:00.080,1.3824066E-4,0.0031931459,0.0034614352
13:59:00.100,-0.003171482,-0.0019601535,-0.0054540406
13:59:00.120,-0.0039529675,-6.6550524E-4,-0.0035902883
13:59:00.140,0.0019354939,2.7995187E-4,-0.003890395
13:59:00.161,-8.9477317E-4,-0.0010664029,0.0019917304
13:59:00.180,0.0029300584,-0.0011794891,-0.0041400297
13:59:00.200,8.7923784E-4,-1.8263387E-4,-0.0048246537
13:59:00.221,-0.0022848563,-3.8409734E-4,-0.0041224277
13:59:00.242,0.0029973418,-3.4568753E-4,0.0070563913
13:59:00.267,0.0029173342,-0.0033872903,0.0039337673
13:59:00.283,-8.900263E-4,0.002884056,2.4448076E-4
13:59:00.303,0.002494878,-0.0028975138,0.0041751363
13:59:00.323,2.6785058E-4,-0.0012894025,-0.0034933323
13:59:00.343,2.4106493E-4,-5.0128275E-4,0.0021294332
13:59:00.365,6.5640995E-4,0.0015263845,3.7839086E-4
13:59:00.385,0.0034472127,0.0031315587,5.6034134E-4
13:59:00.405,-0.0015117674,-0.003553667,0.0016029341
13:59:00.425,-0.001800043,-3.4185534E-4,0.0025412773
13:59:00.445,-5.2140275E-4,-0.0022852088,-0.005183498
13:59:00.465,0.003485814,0.002337843,-0.004884947
13:59:00.485,-3.7839086E-4,-0.0014115662,-0.001320235
13:59:00.505,-0.002757544,0.0044424813,-0.0014078552
13:59:00.523,-0.0011634321,-0.0032527435,0.0031274864
13:59:00.544,2.712725E-4,5.881557E-4,0.0028147378
13:59:00.563,-0.0010742164,0.0016279727,7.754533E-4
13:59:00.583,-0.0027246044,0.00563998,0.005751522
13:59:00.603,6.240264E-4,0.0028787167,-0.016576553
13:59:00.623,-0.0016356427,-9.247802E-4,0.007493228
13:59:00.643,2.8573506E-4,0.0033425028,8.1124046E-4
13:59:00.663,2.5716246E-4,-0.0029243645,0.004245738
13:59:00.682,-0.0021855452,0.0035204154,9.647946E-4
13:59:00.701,-4.2890495E-4,0.0018500147,-0.004405127
13:59:00.721,-0.0010451941,-0.0018506119,-0.001108235
13:59:00.742,1.5796068E-4,0.0042670663,0.002298547
13:59:00.762,0.0018999742,-0.0023119836,0.0027277984
13:59:00.782,0.0032480645,0.0014348396,-0.006773498
13:59:00.802,-0.0041079926,-0.002883449,-0.002141103
13:59:00.821,-0.0019393808,-0.001716198,0.0053240205
13:59:00.841,-0.0028440733,-0.0022037579,0.0034732993
13:59:00.861,0.004911037,-8.8474905E-4,0.0037850756
13:59:00.881,-0.002611314,-3.5682085E-4,-7.681597E-4
13:59:00.902,-0.0012515507,-5.408656E-4,0.00502158
13:59:00.921,-2.7764223E-5,-0.002024865,0.0027616406
13:59:00.941,0.0034906399,0.0012537934,-0.0030076774
13:59:00.961,0.001383762,-8.4912486E-4,-0.002047648
13:59:00.981,0.0014651128,0.005607858,-0.0016231616
13:59:01.001,-0.0035153832,-6.638676E-6,0.002054747
13:59:01.021,0.004087133,-0.00286242,0.0033874298
13:59:01.041,1.6279571E-4,4.999938E-4,-6.866661E-4
13:59:01.060,0.0030029607,1.05415E-5,-0.0010574716
13:59:01.080,-8.129605E-4,-8.694189E-4,-0.0038081233
13:59:01.101,-9.5139263E-4,3.1615613E-4,5.2776333E-4
13:59:01.121,-8.5625396E-4,-5.943659E-4,-0.0036998866
13:59:01.143,-5.508992E-4,0.0012228831,1.8574313E-4
13:59:01.164,6.028234E-4,2.2168871E-4,0.0032433085
13:59:01.182,-0.0018744527,-0.0011188395,-0.0043319967
13:59:01.203,0.002048344,-3.4777567E-4,-8.226184E-4
13:59:01.223,-0.0045285616,0.0018842675,-0.002937659
13:59:01.243,-1.20626675E-4,1.5775478E-4,0.0021901159
13:59:01.265,-0.0012071996,-0.0022750131,-0.0011050258
13:59:01.282,0.0013305128,8.0893346E-4,0.005597287
13:59:01.301,9.777346E-4,0.002705579,-8.95068E-4
13:59:01.321,-8.778521E-4,-0.0013003304,-0.004101422
13:59:01.341,0.0022861054,1.480623E-4,-0.002812404
13:59:01.361,-1.3976928E-4,0.0018910682,0.0029619709
13:59:01.381,-3.4551808E-4,-0.0040109293,2.9077066E-5
13:59:01.401,5.679388E-4,-0.0014125706,0.0052996115
13:59:01.421,-0.0021255736,-0.0012713136,0.0012540093
13:59:01.442,-0.0012538361,-7.047291E-4,0.006182329
13:59:01.461,-6.8900007E-4,-0.0010737093,-8.0803124E-4
13:59:01.481,0.0017968916,-0.001186065,0.0014699964
13:59:01.501,-0.0025575997,-8.477319E-4,-0.0032912516
13:59:01.521,-9.834813E-4,0.0012145803,-0.0045002354
13:59:01.541,-0.0013245868,8.7339577E-4,-0.0016331781
13:59:01.561,7.8541203E-4,-5.3230324E-4,-0.0021290442
13:59:01.581,0.0013660508,8.3928654E-4,-0.0014767066
13:59:01.601,-0.0025059034,0.0036118033,-0.0024275947
13:59:01.621,-0.0013764077,-4.527565E-5,0.006823872
13:59:01.641,0.0018374044,-0.002677467,4.2857067E-4
13:59:01.661,-5.4360257E-4,6.664519E-4,0.003242239
13:59:01.681,-0.002027326,-0.0031355452,0.0015996277
13:59:01.701,0.002569935,6.936349E-4,7.804129E-4
13:59:01.722,-1.04052015E-4,0.0017229044,0.00509685
13:59:01.742,7.852601E-4,-4.2692546E-4,0.010959234
13:59:01.762,9.264607E-4,-0.002142045,0.0017333432
13:59:01.782,-4.8454586E-4,-0.0017081143,-1.9780186E-4
13:59:01.802,-4.3609217E-4,8.796895E-4,-0.0032542003
13:59:01.822,-0.0012713893,-0.0031633575,-0.0013906424
13:59:01.842,0.0012727416,0.0030855953,-0.0012515781
13:59:01.862,-0.0025898828,0.0014586766,-0.005081485
13:59:01.882,-0.0021111688,0.004388981,-1.7883854E-4
13:59:01.902,-0.001680325,-4.4444864E-4,-0.0014793322
13:59:01.922,2.5791916E-5,-6.1973045E-4,0.004601178
13:59:01.943,0.0015612999,0.0016395082,-0.0031098847
13:59:01.963,0.0038221634,-0.0016006145,0.002694248
13:59:01.983,0.0014624081,-0.0014405532,0.0057207914
13:59:02.003,6.569873E-4,0.0015599475,-0.0018825212
13:59:02.023,-0.001386251,0.0033814919,0.006215879
13:59:02.043,-0.0030054406,-3.2829463E-5,-0.009347062
13:59:02.063,0.0030079933,4.099067E-4,-0.0046770317
13:59:02.081,5.0993054E-4,-0.0024875293,-2.5430278E-4
13:59:02.100,-0.0021777805,-0.003557136,-2.2882388E-4
13:59:02.121,0.0024345266,-0.0012238834,0.0017716589
13:59:02.141,-6.193464E-6,6.563176E-4,4.958661E-4
13:59:02.165,-0.0030817466,0.003007678,0.001764657
13:59:02.182,0.0031590464,-3.6926172E-4,0.0022473948
13:59:02.203,0.0015247834,1.071176E-4,-0.0032507966
13:59:02.223,0.0013723051,0.0022936715,0.005643577
13:59:02.242,0.0027731615,-0.0014513204,-0.0056873383
13:59:02.266,-1.4087243E-4,-6.470088E-4,-0.005997558
13:59:02.283,-0.0025437784,-0.0034387533,-0.0036399818
13:59:02.303,0.0027643119,-8.9761196E-4,4.5930097E-4
13:59:02.323,7.088751E-5,5.105083E-4,-0.004420589
13:59:02.343,-0.0023531942,-8.589017E-4,-0.002220749
13:59:02.363,2.9911878E-4,-0.0020913715,-0.0013394901
13:59:02.383,-0.0030266922,7.544846E-4,0.009561006
13:59:02.403,1.32421E-4,-0.002836589,3.5592664E-5
13:59:02.423,-0.0016386361,0.00447832,-0.0015060754
13:59:02.444,0.0020408528,5.148628E-4,-0.0024540462
13:59:02.463,0.0011775878,0.0015620093,-0.007042582
13:59:02.483,-9.1771147E-4,-0.0023295435,9.1257255E-4
13:59:02.503,-6.062149E-4,-0.001437409,3.8189176E-4
13:59:02.523,-0.0012047716,2.4691042E-5,-7.5493404E-4
13:59:02.542,0.0017721512,0.0024392144,0.0017375249
13:59:02.565,4.963037E-4,0.0039531053,-0.0017320791
13:59:02.585,-0.0017505926,-1.7755685E-4,0.004373716
13:59:02.605,0.0036979052,0.0013782847,0.0019588608
13:59:02.625,-0.0010664185,8.010032E-4,-0.002851303
13:59:02.645,-8.0867554E-5,0.0020392623,0.0024875966
13:59:02.665,0.0019047576,-0.0029986484,-0.0076489216
13:59:02.685,-0.0011421622,-0.0013804237,-0.0016106167
13:59:02.705,0.0033665851,-0.0021212879,5.2805507E-4
13:59:02.725,-7.054258E-4,0.0038037316,4.7524957E-4
13:59:02.745,2.4402491E-4,0.004082538,-0.0019892992
13:59:02.765,-0.0017579165,-0.0013794266,0.005021191
13:59:02.785,-7.032195E-4,0.0027135941,-0.0020727378
13:59:02.805,-0.0054668807,0.0026619614,-0.003843035
13:59:02.825,0.0036491444,-0.0028776722,0.0026935672
13:59:02.845,-4.5112302E-4,4.681376E-5,-0.0015308735
13:59:02.865,9.123507E-4,4.8158568E-4,3.8004408E-4
13:59:02.885,0.002139474,-0.0022032917,-0.0018551947
13:59:02.905,0.0025847075,-0.0026421421,-5.710386E-4
13:59:02.925,-5.3020974E-4,0.0013574237,3.6497068E-4
13:59:02.945,0.0015003468,0.0010019545,0.0027454002
13:59:02.965,2.5168012E-4,4.6230614E-4,-8.249524E-4
13:59:02.985,-0.0021904805,0.0012949817,0.008925493
13:59:03.005,0.00440064,-0.0049868603,-0.005150628
13:59:03.025,-2.1422759E-4,-0.001631729,0.00569152
13:59:03.045,-8.519842E-4,-0.0019080089,5.081193E-4
13:59:03.065,-1.0760764E-4,4.060434E-5,6.7694136E-4
13:59:03.085,-3.165717E-4,0.0011351767,8.2903676E-4
13:59:03.105,3.742639E-4,-0.0029334188,-0.0029892975
13:59:03.123,-0.0025196092,6.5582147E-4,0.004780309
13:59:03.142,0.0038846936,0.0036664114,-0.0027289654
13:59:03.164,-0.0037547494,0.0011025043,0.0034766058
13:59:03.184,-8.337776E-5,-0.0018641916,-0.009175711
13:59:03.202,-7.3422026E-4,-0.0014580457,0.0027281875
13:59:03.222,-1.6167432E-6,6.652982E-4,-0.0019391194
13:59:03.241,-0.0015395407,-0.0037957625,-0.0024044497
13:59:03.264,-0.002044767,0.00449397,-0.0034823434
13:59:03.281,-7.416597E-4,0.0047037527,-5.7959638E-5
13:59:03.301,0.002628405,-0.0023584196,0.0010464827
13:59:03.322,-0.0011500606,-0.0034409375,0.0013813066
13:59:03.342,9.4248535E-4,0.0023963207,0.0021220425
13:59:03.362,-0.0028871144,0.0019369621,0.0012506056
13:59:03.381,-8.4059103E-4,-8.9345314E-4,0.0046411473
13:59:03.401,0.0018801873,-3.646546E-4,8.8116154E-4
13:59:03.422,0.003449981,5.507168E-4,-0.0025028645
13:59:03.442,2.8812674E-5,-3.8326083E-4,0.0019222955
13:59:03.463,2.4565685E-4,0.0018523308,-0.0013461029
13:59:03.483,6.605429E-4,5.684649E-4,0.0066986172
13:59:03.503,0.0019128474,0.0020497045,0.001414468
13:59:03.523,-0.0024532408,0.0020644604,-0.0044398443
13:59:03.546,-0.0041854563,-3.3925113E-4,-0.0061931233
13:59:03.565,-3.1556883E-5,5.7358015E-4,-8.061835E-5
13:59:03.585,4.110509E-4,0.0018345816,5.8659824E-4
13:59:03.606,0.0014685772,-0.0016447753,0.0038238773
13:59:03.624,0.0015414462,0.0026945071,-0.005787017
13:59:03.643,0.0031451157,0.0028645096,-0.0027913984
13:59:03.666,1.938846E-4,-0.0022559257,5.639395E-4
13:59:03.685,-9.2413893E-4,0.0014852918,-0.0014698992
13:59:03.706,4.7183377E-5,-0.0010802295,-0.0017623231
13:59:03.725,-1.7726132E-4,-0.0027300192,0.004785949
13:59:03.743,-3.7926305E-4,0.0014980609,-0.002284446
13:59:03.766,-0.0012202461,-0.0019476436,-0.0031546187
13:59:03.785,-0.0054927515,-0.0030712388,0.0030934499
13:59:03.803,-0.0027462086,-3.4712267E-4,1.4742753E-4
13:59:03.821,0.0030215746,-0.0016307697,0.00584556
13:59:03.841,-0.001455385,9.4929955E-4,0.0013059395
13:59:03.861,0.001107147,4.149165E-4,0.0035923305
13:59:03.883,0.0012161586,1.5369811E-4,0.0041120225
13:59:03.903,0.0024129013,-3.0112488E-4,-0.007505287
13:59:03.923,-2.5652123E-5,-0.0015893718,0.0059893895
13:59:03.943,-0.0013414471,0.0014260106,-0.0022999085
13:59:03.963,-9.875748E-4,-3.494954E-5,-0.0029488425
13:59:03.983,4.2954314E-4,4.079986E-4,-0.00155538
13:59:04.003,-7.120447E-4,-0.0031484268,0.0032144259
13:59:04.023,0.002655057,0.0033187598,0.0081663765
13:59:04.043,-0.001345799,-0.0025062799,9.870643E-5
13:59:04.063,7.663211E-4,-0.001596472,0.0016269543
13:59:04.083,0.0015685934,-3.381922E-4,-0.0020513432
13:59:04.103,0.0014117329,0.0047493377,-0.007778845
13:59:04.123,0.0010508345,9.9599136E-5,0.005084013
13:59:04.143,-0.0019106927,-0.0012287203,-0.0020161397
13:59:04.163,0.001576273,0.0021900504,0.0034589067
13:59:04.183,7.5946515E-4,0.0032894048,-0.00435767
13:59:04.202,2.4406442E-4,3.2374542E-4,0.0015712313
13:59:04.222,-6.592483E-4,-0.0021256213,-1.238936E-4
13:59:04.243,-3.7359836E-4,0.0013828393,0.0029646938
13:59:04.266,-0.0020940532,-0.0022710694,-0.0043630186
13:59:04.283,-0.0014451953,-2.8614988E-4,0.0026650736
13:59:04.303,8.965905E-4,-2.5753494E-4,-0.0024353745
13:59:04.323,3.6747783E-4,6.4712466E-4,0.008355037
13:59:04.343,-5.4817926E-4,-0.0020543062,0.0015868882
13:59:04.363,1.6581951E-4,-0.0016291492,-0.003625492
13:59:04.383,-2.9021452E-4,-0.0030043204,3.2869728E-5
13:59:04.403,-0.001359827,0.0016906434,2.4934314E-4
13:59:04.423,-7.8439096E-4,-0.0013348666,-8.7425695E-4
13:59:04.450,-0.0029032151,0.0014353389,-1.27589E-4
13:59:04.470,-1.9590248E-4,-0.003761906,7.640753E-4
13:59:04.490,-0.00149467,-9.687232E-4,6.876386E-4
13:59:04.510,-0.0011254752,0.003742407,0.0019372717
13:59:04.530,-0.0012326543,5.117209E-4,0.005259156
13:59:04.551,-2.3048316E-4,6.802755E-4,-0.0018585983
13:59:04.571,2.3201785E-4,-0.0031231039,8.509175E-5
13:59:04.591,-0.0022081735,0.0020231907,-0.001241756
13:59:04.611,6.493595E-4,0.0013814184,-0.0019964955
13:59:04.631,0.001683057,3.6437047E-4,4.004661E-4
13:59:04.652,-0.0022206,7.6738646E-4,-0.0018368148
13:59:04.672,-0.0019985407,-0.002385524,-0.005388496
13:59:04.692,6.18304E-4,7.0947374E-4,0.003060483
13:59:04.712,9.95929E-4,-0.0022179189,-0.0022992278
13:59:04.732,-8.61478E-4,0.0012997716,-7.5094687E-4
13:59:04.752,7.627533E-4,-0.004543096,-0.001115334
13:59:04.772,4.6675256E-4,0.0025030104,-0.0036404682
13:59:04.792,0.0019581649,9.3435036E-4,0.0030955893
13:59:04.812,0.005937154,0.0012803683,0.0025663672
13:59:04.832,-3.694532E-4,0.0011523315,-0.003183501
13:59:04.852,-0.0018705932,-0.0018193471,0.005264797
13:59:04.872,0.0024912707,5.598532E-4,0.005836905
13:59:04.892,-0.0021523868,0.0018222273,-0.0035358297
13:59:04.912,0.001139023,9.808249E-4,-0.003182237
13:59:04.935,1.4621498E-4,-6.5534323E-4,-0.0033035048
13:59:04.951,-0.0014064937,-0.003226528,-0.004071762
13:59:04.971,0.003128687,-0.002464422,0.0011694038
13:59:04.991,-0.0013589882,0.0023962776,-0.0015842625
13:59:05.011,0.0033911706,8.382905E-4,5.516863E-4
13:59:05.031,0.002173146,9.528187E-5,0.0020346167
13:59:05.052,-0.0011203393,0.0014041128,0.0029297818
13:59:05.072,0.0020678663,0.0012637016,-0.0021972149
13:59:05.092,-0.0045109903,6.978783E-4,-0.004833892
13:59:05.112,-1.0481176E-4,-0.0031072611,4.8351564E-4
13:59:05.132,0.0025423865,-0.0027965351,-2.2405873E-4
13:59:05.152,-3.4856924E-4,7.790173E-4,4.575505E-4
13:59:05.174,-5.334402E-4,-0.003473689,-0.005960312
13:59:05.190,0.0010579913,-0.0018079608,0.0062812297
13:59:05.211,-0.0023437063,-0.002066618,-0.0015978772
13:59:05.230,0.0014062901,7.767627E-4,-0.0014380992
13:59:05.250,-7.118776E-4,-1.7981976E-4,9.0294506E-4
13:59:05.270,-0.0012998676,-0.0023591034,0.0027902315
13:59:05.291,0.0016865641,0.0044686035,9.730606E-4
13:59:05.311,-0.0028766207,2.8639185E-4,-0.0026398865
13:59:05.331,7.069392E-4,6.972057E-4,0.0039962004
13:59:05.351,0.0021743283,-9.1060065E-4,0.0033768297
13:59:05.371,-0.0015587289,0.0011579985,8.4187347E-4
13:59:05.392,-0.001402856,-0.002033973,-0.0031974076
13:59:05.412,-0.0030203834,3.666896E-4,6.37945E-4
13:59:05.432,-0.0016197093,0.0058231847,-5.244569E-4
13:59:05.452,0.0060129645,-3.2571526E-5,-0.0055258097
13:59:05.472,0.0025552202,0.0021679515,-5.7872117E-4
13:59:05.492,-9.961996E-4,-6.8556255E-4,-0.0033772187
13:59:05.512,-0.0024346635,-6.170064E-4,4.761248E-4
13:59:05.532,0.0013244258,-0.0036314777,-0.005064661
13:59:05.552,-1.2637644E-4,2.4729487E-4,0.0024730093
13:59:05.572,-9.926469E-4,-6.563408E-4,0.004203241
13:59:05.592,-0.0024314665,-5.9070654E-4,2.6733396E-4
13:59:05.612,8.943751E-6,0.004522075,0.005294263
13:59:05.632,6.6723174E-4,0.0023120549,0.0019084864
13:59:05.652,-0.0035742973,0.0014216698,-0.0026769377
13:59:05.672,-0.0010195997,8.400497E-4,0.0068193013
13:59:05.692,8.401747E-4,3.1659164E-4,8.639487E-4
13:59:05.712,-0.0016608359,-0.001912333,0.0014366405
13:59:05.732,7.0251443E-4,-0.0017210996,-2.5381654E-5
13:59:05.752,0.0015111687,-2.3063055E-4,-0.0022200681
13:59:05.772,4.8114522E-4,0.0013305184,-0.0033164388
13:59:05.792,-0.0013247813,-5.603459E-4,9.7024045E-4
13:59:05.812,0.0014444173,0.0016929543,-0.004619947
13:59:05.832,0.0019591555,-0.0017722393,-0.0032790957
13:59:05.852,-4.3402566E-4,-5.692942E-5,-0.0016327891
13:59:05.872,-0.0010498012,0.0014868494,0.0022657744
13:59:05.892,5.9326575E-4,6.7898486E-4,-0.0014764149
13:59:05.912,-7.8442134E-4,0.0017097191,-4.4986792E-4
13:59:05.937,3.9265587E-4,2.2038782E-4,-0.0030416169
13:59:05.951,3.5338907E-4,6.378022E-4,0.0025360258
13:59:05.971,0.002515315,7.937486E-4,-0.0014528809
13:59:05.991,-1.532077E-4,0.0011538268,-0.0010879101
13:59:06.011,0.0022791065,0.0019173503,0.0073705018
13:59:06.031,-0.0012447009,-0.00113083,-0.0067698024
13:59:06.051,-0.0015596831,-0.0012374733,-0.0019181139
13:59:06.071,0.0012330038,0.0010835396,0.0015696754
13:59:06.092,0.0015491561,-0.00122208,-3.4513214E-4
13:59:06.112,2.9560874E-4,6.5794046E-4,-5.30389E-4
13:59:06.132,9.252269E-4,0.0010315996,0.0015002405
13:59:06.152,-0.0022434683,-1.7019319E-4,0.0026685745
13:59:06.172,-0.0011402173,-0.0019109864,0.0070159365
13:59:06.192,0.0018302506,-0.0043566064,0.0047763214
13:59:06.211,-0.0020881242,4.7358574E-4,0.001222501
13:59:06.230,-3.4122705E-4,-0.0015513119,0.0017594056
13:59:06.250,1.323511E-4,0.0029983504,-0.0012729726
13:59:06.270,-0.0016386969,2.815234E-4,0.0017106845
13:59:06.290,-1.5646854E-4,-0.0017241682,0.0015396258
13:59:06.310,-3.6054893E-4,-0.0019912042,-0.0036679893
13:59:06.331,-1.0476618E-4,-0.001132904,-0.0043998756
13:59:06.351,-0.0016323727,-0.0010196135,-8.8368997E-4
13:59:06.371,-1.507765E-4,-0.0015768318,-0.0027728241
13:59:06.391,0.0031601982,-0.0018586017,-0.004692786
13:59:06.410,0.0013060946,8.507086E-5,0.0021484937
13:59:06.430,-0.001461235,0.0016146494,-0.0018016112
13:59:06.450,0.003299147,-9.638077E-4,-0.0051371106
13:59:06.470,9.916927E-4,-6.4770016E-4,0.004165703
13:59:06.490,-0.0024033738,-1.4347723E-4,-0.0026229653
13:59:06.511,-4.0522515E-4,9.059726E-5,-0.0014817634
13:59:06.531,7.47531E-5,0.001399897,0.0032807488
13:59:06.551,7.2645565E-4,-2.781786E-4,7.5542025E-4
13:59:06.570,8.735367E-4,0.003924444,0.0013390038
13:59:06.590,7.861839E-4,0.0017741873,-0.0047275033
13:59:06.610,-3.9106954E-4,-1.6104411E-4,-0.005133707
13:59:06.630,-0.0029886775,9.536931E-4,-0.0030822663
13:59:06.650,0.001704719,0.0026161363,0.0040375306
13:59:06.670,8.7506836E-4,-0.001380829,9.970808E-4
13:59:06.691,0.0023256456,-0.0010230193,-8.6044776E-4
13:59:06.711,0.0016536275,-0.002239077,0.0016425139
13:59:06.731,-0.0015879063,0.004356901,0.004993865
13:59:06.751,1.0897214E-4,0.0015042189,-1.19711935E-4
13:59:06.771,3.1780248E-4,2.5516434E-4,-9.866753E-4
13:59:06.791,-0.0016915177,4.4937446E-4,8.697836E-4
13:59:06.812,1.5720701E-5,-0.0017928284,0.0014418919
13:59:06.832,4.5360284E-4,-0.0038108113,1.9916332E-4
13:59:06.852,-0.002448202,-0.0018916443,0.0030356846
13:59:06.872,-0.0017639276,0.0013736918,-0.006935804
13:59:06.892,-0.004663706,-0.0011806693,-0.0040449216
13:59:06.912,6.366504E-4,0.0013543896,9.738386E-4
13:59:06.934,7.927117E-4,-0.003395307,0.0026342461
13:59:06.951,-0.0023627304,0.0013387545,0.0043483344
13:59:06.971,0.002268072,-0.002310746,-0.0017993745
13:59:06.991,-0.0016940855,7.767741E-4,-0.0011800037
13:59:07.011,0.0030895781,0.0017977298,-0.0010620423
13:59:07.031,-9.5472945E-4,7.987076E-5,0.0029992168
13:59:07.051,0.0039747297,0.0031480554,-0.004771362
13:59:07.072,-0.0012567291,-0.0022204611,-0.00165749
13:59:07.092,-3.2426036E-5,0.0010777569,0.0020239195
13:59:07.112,0.0019483549,-0.0027653703,5.0315965E-4
13:59:07.132,-0.0013226509,-5.112943E-4,-0.0043811067
13:59:07.152,0.0023252384,-2.4043814E-4,0.003967123
13:59:07.172,3.349029E-4,-0.0048306524,-0.0019226846
13:59:07.192,-7.9722155E-4,-8.3196216E-4,-0.0043671033
13:59:07.212,-2.780464E-4,0.0025471323,6.8384595E-4
13:59:07.232,0.0039245654,0.0027318723,-0.001801514
13:59:07.251,-0.0026202332,0.0011403258,0.0073874225
13:59:07.270,0.0015968683,0.0010262933,-0.0052165617
13:59:07.291,9.977281E-4,-0.006547039,-3.0039818E-4
13:59:07.310,4.5850172E-4,0.002237548,-4.900312E-4
13:59:07.330,-0.003102974,0.0011348869,0.0010970514
13:59:07.350,-1.5595798E-4,0.0023397575,0.0042832755
13:59:07.371,0.0018371765,0.0014466022,-0.0020776973
13:59:07.391,0.0020929107,-0.0011150503,0.002304868
13:59:07.411,0.0025428028,0.0018529003,0.0031729983
13:59:07.431,-0.0032046405,3.4925074E-4,0.006810744
13:59:07.451,-0.0011263656,0.0025115914,-0.0068341806
13:59:07.471,3.046315E-4,-0.0034524584,-0.0021956589
13:59:07.492,0.002031979,4.0841228E-4,0.0024184533
13:59:07.512,-0.002126297,-0.0011705148,0.0065711252
13:59:07.532,0.0013822304,-0.0019323698,0.0012997157
13:59:07.552,-7.4351956E-5,-0.0017391329,0.0016091579
13:59:07.572,-0.0016050036,-0.0011257661,3.4960554E-4
13:59:07.592,-5.655988E-4,0.0033813415,-0.0047390754
13:59:07.612,3.6986952E-4,6.262149E-4,-0.0020678753
13:59:07.632,-0.0014249312,0.0023214058,0.0012151102
13:59:07.652,0.0013542807,0.0031878983,-0.0019825893
13:59:07.672,3.399476E-4,-0.0013056964,-6.8569364E-4
13:59:07.692,0.0022834889,0.0014615922,0.0017998607
13:59:07.712,-0.0012407593,-2.9265484E-6,5.2124774E-4
13:59:07.732,-8.969582E-4,0.0030735382,0.00464387
13:59:07.752,-0.001686169,-9.6916733E-4,-0.0017530846
13:59:07.772,-0.002176732,6.6583534E-4,-0.0017975267
13:59:07.792,-0.0012998799,0.0010387051,0.007171241
13:59:07.812,3.6819503E-4,2.7565492E-4,-0.008047832
13:59:07.832,0.0034075477,-0.0015097231,-0.0026288002
13:59:07.852,-0.0013277383,-0.0026771103,0.0035666572
13:59:07.872,0.0012220269,2.2731957E-4,-0.004480397
13:59:07.892,-6.5799017E-4,4.243142E-4,0.0038777527
13:59:07.912,-3.7246483E-4,-0.0020351093,0.0021716387
13:59:07.932,-0.0023127543,0.0012445734,-0.0028795048
13:59:07.952,-1.0394261E-4,0.0039765616,4.512294E-5
13:59:07.972,-5.3300255E-4,-0.0045509776,6.996973E-4
13:59:07.992,6.1893306E-4,-0.0016788876,-0.0017872185
13:59:08.012,-0.0027388572,-0.0026096317,0.0021268076
13:59:08.032,0.0012703803,2.880504E-4,0.0027930515
13:59:08.052,-0.0036906418,4.7897157E-4,-0.0036386205
13:59:08.072,-6.848579E-4,-0.001326738,0.003536802
13:59:08.092,7.019887E-4,-0.0022926969,-0.0049467967
13:59:08.112,-9.0629706E-4,-5.2534125E-4,0.0010410368
13:59:08.132,7.224198E-4,0.0012850057,-1.6172294E-4
13:59:08.152,0.0026277152,2.775989E-4,0.0011728074
13:59:08.172,-0.0013704057,0.0020076516,-4.3080738E-5
13:59:08.192,8.49945E-5,-0.0010495589,4.006606E-4
13:59:08.212,-0.0016813157,0.0038893814,0.0040958794
13:59:08.232,0.00200244,-0.0013335412,-7.082551E-4
13:59:08.252,-3.9506884E-4,1.18172306E-4,-4.1767894E-4
13:59:08.272,-7.9501525E-4,0.0012049875,6.350276E-5
13:59:08.291,1.6339135E-4,4.253091E-4,-0.00521627
13:59:08.310,-7.267443E-5,-0.002693394,-0.0027171983
13:59:08.331,-6.54082E-5,-0.0011056951,0.005464641
13:59:08.350,0.003017305,-0.0020937584,0.006456276
13:59:08.370,5.183121E-4,-3.4629685E-4,-0.0025389434
13:59:08.390,-0.0017307844,1.2778578E-4,-0.002724492
13:59:08.411,2.0010541E-4,0.004509539,8.438184E-4
13:59:08.431,-2.593566E-4,7.626863E-4,0.001858112
13:59:08.451,8.6521293E-4,4.66691E-4,0.0025511966
13:59:08.471,-5.396701E-4,0.0010792013,-0.0034167985
13:59:08.491,-2.6597554E-4,5.318282E-4,0.0017588221
13:59:08.511,-4.591034E-4,-0.0012791671,-0.004129916
13:59:08.531,0.0022235264,-0.0026893362,-0.0010802277
13:59:08.552,-4.158191E-4,-0.0026401288,-9.721854E-4
13:59:08.572,-0.0034504097,-3.98577E-4,8.8281475E-4
13:59:08.592,-2.4892375E-4,0.0022779994,-0.006017008
13:59:08.612,0.0026324135,-0.0014654255,-0.0027785618
13:59:08.632,1.719066E-4,2.192028E-4,0.0038714316
13:59:08.652,-7.241885E-4,-2.2444088E-5,-0.003546916
13:59:08.672,-0.001530676,-0.0028766447,7.6281105E-4
13:59:08.692,0.006532547,-0.0014903474,0.0022245415
13:59:08.712,-5.332214E-5,6.3622644E-4,-0.0019530258
13:59:08.732,0.0021492748,0.004088229,0.003076237
13:59:08.752,0.00435134,-0.0026926645,0.00870124
13:59:08.772,0.0012794882,0.0024105865,0.0025577121
13:59:08.792,-0.0012654541,0.0017300746,-0.0012136515
13:59:08.812,3.9917754E-4,4.5843408E-4,6.6556333E-4
13:59:08.832,7.987137E-4,-4.6631534E-4,0.0025764809
13:59:08.852,-5.9951696E-4,-4.196839E-4,-0.0033940424
13:59:08.872,-0.0016381985,-0.0010368954,2.1491745E-5
13:59:08.892,0.0029201545,0.0012640596,0.002216567
13:59:08.912,-0.0030847522,-0.0012793385,0.002434402
13:59:08.935,7.39347E-4,0.0012655874,-4.4578352E-4
13:59:08.951,0.0022034994,-8.3851046E-4,0.002015848
13:59:08.971,-0.0013127499,-3.1520607E-4,-1.632789E-4
13:59:08.991,-0.0011814747,1.5576767E-4,7.2838535E-5
13:59:09.011,2.5503518E-4,0.0038755424,-0.002790912
13:59:09.031,-0.0030663663,-2.473636E-4,-9.7364414E-4
13:59:09.051,-0.0016610973,-0.0015409869,-0.0035129765
13:59:09.071,-6.160825E-4,-0.002485521,-8.5480744E-5
13:59:09.091,-0.0012136545,0.0017181094,-0.0077673695
13:59:09.112,-0.0010922893,-8.706941E-4,0.0031167893
13:59:09.130,1.1557283E-4,0.0018530943,0.0054417877
13:59:09.150,0.002301279,-7.492074E-4,0.0033596167
13:59:09.170,-1.2611205E-4,0.0026216116,-0.0031286534
13:59:09.190,-0.0016515884,-2.7726806E-4,-0.006770872
13:59:09.210,2.7138495E-4,8.4909145E-4,-0.0032373765
13:59:09.230,2.4424677E-4,1.0500265E-4,-0.0015952515
13:59:09.251,0.0017579074,-0.0025422163,0.0016404717
13:59:09.271,2.6376013E-4,5.684505E-4,-0.0011602625
13:59:09.291,-0.002179607,-0.00168566,0.0013727488
13:59:09.311,0.0013342508,0.0015590779,0.002773505
13:59:09.330,-0.0014358929,-0.0027716344,-0.00299698
13:59:09.350,2.605631E-5,0.0023395133,0.001916947
13:59:09.370,0.00331935,-7.508834E-4,0.0026041965
13:59:09.390,-7.4793823E-4,-0.0013349749,0.0016846221
13:59:09.410,-0.0011125959,-0.0014212036,-0.0061742575
13:59:09.433,0.0038326478,-0.0019382628,-0.0013819872
13:59:09.451,1.5348424E-4,1.337612E-5,-8.0433587E-4
13:59:09.470,5.7758763E-4,-0.0019655006,-0.0040198313
13:59:09.490,-0.0018971631,0.0024058542,0.0029739323
13:59:09.511,-3.8908506E-4,-2.5172342E-4,-0.0036955103
13:59:09.530,-1.304487E-4,0.0021904414,0.002386945
13:59:09.551,0.003178493,-8.85048E-4,-0.0040040775
13:59:09.571,-0.0024127949,0.0018401754,0.0023288883
13:59:09.591,-0.0026109675,7.772516E-4,-0.0025182297
13:59:09.611,-0.0012512377,-0.0025963718,0.0027872168
13:59:09.631,-0.003543105,-1.3946918E-4,-7.873175E-4
13:59:09.651,-0.0034085202,5.336575E-4,0.0052239527
13:59:09.671,-8.7040046E-4,0.0011394714,0.004921318
13:59:09.691,-1.2418229E-4,-2.928349E-4,6.937652E-4
13:59:09.711,-5.512183E-4,0.0017139878,0.0010637927
13:59:09.731,-0.0020341822,-2.1522363E-4,0.0055717104
13:59:09.752,0.0047610323,0.003981103,-0.0031154277
13:59:09.772,-0.0020871395,-0.0014707178,-3.868514E-4
13:59:09.792,-0.0014389744,-0.0026420054,-0.0045229914
13:59:09.812,6.8246014E-4,0.0020167264,-0.002532525
13:59:09.832,0.0010536698,9.361475E-4,-3.0175966E-4
13:59:09.852,-0.0014686896,0.001721439,0.007199151
13:59:09.872,0.0028529835,-4.2824398E-4,-0.0012111231
13:59:09.892,3.7041958E-4,0.001372393,-0.0028478021
13:59:09.912,-0.0016441611,3.5624744E-4,-0.0014644533
13:59:09.932,7.17521E-4,-9.977367E-4,-0.005053283
13:59:09.952,0.004600847,-0.0015571426,0.0035818277
13:59:09.972,0.001064592,-0.002500061,-0.0011708625
13:59:09.992,2.9895466E-4,-5.2789175E-5,0.0011435358
13:59:10.012,0.0037846835,-0.0022447759,0.0010291726
13:59:10.032,1.1031842E-4,0.0012756002,9.2628447E-4
13:59:10.052,3.19012E-4,4.888605E-4,0.0021519947
13:59:10.072,-3.7206672E-4,0.0019780605,-0.0015788167
13:59:10.092,0.0025215845,-4.1701112E-4,0.0016552533
13:59:10.112,-8.067488E-4,0.0029205885,-7.0757436E-4
13:59:10.132,-0.0013852542,6.5099046E-4,0.0035380663
13:59:10.151,-5.875494E-4,-0.0018311008,-0.002528635
13:59:10.171,-0.0033852386,-0.0027466235,-0.0064506354
13:59:10.190,-0.003046713,0.004998742,0.0012257101
13:59:10.210,0.001872216,-0.0031915617,0.0015425433
13:59:10.230,-7.3199876E-4,2.0376587E-4,2.8970095E-4
13:59:10.251,-0.0015377052,0.0026003814,-0.0028154186
13:59:10.271,5.9360615E-4,0.0021206168,0.0038381729
13:59:10.291,0.0014131521,0.003007188,8.176588E-4
13:59:10.311,0.0023704676,0.002267016,-0.0019008039
13:59:10.331,-9.427497E-4,-0.0014753107,-0.002150147
13:59:10.354,0.0020079708,-0.0013277796,-0.002814057
13:59:10.371,2.690905E-4,-7.5554824E-4,0.0014224424
13:59:10.390,-0.0010761797,1.989126E-4,-0.0022354333
13:59:10.410,-3.0938146E-4,0.0025960135,0.0034812738
13:59:10.430,8.2019024E-4,-0.0020581193,0.001595057
13:59:10.450,7.3817093E-4,-9.449477E-5,-0.0020800314
13:59:10.471,-0.0030709978,1.3468125E-4,5.449762E-4
13:59:10.491,-3.4690692E-4,-0.0016365994,-0.0054421765
13:59:10.511,-5.3194194E-4,5.045996E-4,-6.3989E-5
13:59:10.531,0.0034763322,-0.0019628524,-0.0053310227
13:59:10.551,0.0026892459,0.0010898781,0.0057489933
13:59:10.572,-0.0015347573,3.2171063E-4,-0.0036149893
13:59:10.592,-0.0031390924,-0.002347179,7.0154504E-4
13:59:10.612,3.12621E-5,0.0011834373,0.001510257
13:59:10.632,-1.915932E-4,-0.0024505316,-0.003474758
13:59:10.652,4.8674914E-4,0.0010904202,-0.0018089047
13:59:10.672,-0.003297278,-0.0014356143,0.0036454278
13:59:10.692,-3.3083063E-4,-0.003049865,0.0024020185
13:59:10.712,3.6143328E-4,0.001429926,4.0396702E-4
13:59:10.732,3.2529057E-4,0.0028250192,-7.349982E-4
13:59:10.752,-0.0027834119,-0.0031703732,0.004392193
13:59:10.772,0.0014500091,4.4256257E-4,0.0024149525
13:59:10.792,0.0013050066,1.7857947E-4,1.9585689E-4
13:59:10.812,-0.002121392,-0.0024759972,-9.222973E-4
13:59:10.832,0.0018260963,6.280478E-4,0.0011474257
13:59:10.852,-5.537802E-4,0.0032019615,0.003010303
13:59:10.872,-0.0015970324,0.0017831326,2.9222938E-4
13:59:10.892,0.0029571997,-0.0036686184,4.337248E-5
13:59:10.912,0.0017825749,0.0019716811,0.0015770661
13:59:10.932,-1.534964E-4,-6.424794E-4,0.0011996478
13:59:10.952,-0.0016762315,-3.5850483E-4,-0.0041937106
13:59:10.972,-0.0012888818,0.002533791,0.0034766058
13:59:10.992,-7.2054175E-4,0.0018409588,0.0033487251
13:59:11.012,-8.6821546E-4,-0.004275755,0.003672949
13:59:11.033,0.0033934135,-5.522804E-4,0.0059423214
13:59:11.052,0.0028343424,-0.0018154116,7.468624E-5
13:59:11.072,0.0023311826,1.2394221E-4,6.719817E-5
13:59:11.092,-0.0027359186,5.51001E-4,9.394129E-4
13:59:11.112,0.003909744,0.0018142601,-0.010360577
13:59:11.132,4.4259866E-4,-0.0018827906,-0.006028678
13:59:11.152,0.002156149,-3.7615225E-4,-8.115322E-4
13:59:11.172,4.0245056E-4,-7.779901E-4,-0.0073221694
13:59:11.192,3.622052E-4,0.0019365278,1.8477066E-6
13:59:11.212,3.2598345E-4,8.639686E-4,0.0011002606
13:59:11.233,-0.0016841542,0.001656478,-3.281138E-4
13:59:11.252,0.001780159,6.1192404E-4,-0.0073265457
13:59:11.272,7.2323735E-4,-7.6762785E-4,0.006370017
13:59:11.292,0.0013100939,-3.1685282E-5,0.00485412
13:59:11.312,-0.0018970871,-2.8516753E-5,-0.0015639378
13:59:11.332,-0.0025862847,-0.0013440246,0.0021080386
13:59:11.352,-0.0023276575,3.2846403E-4,0.0025564479
13:59:11.372,-0.0016554387,0.0024928832,-0.0027529856
13:59:11.393,-6.1098917E-4,-1.7339723E-4,-0.001818435
13:59:11.411,-0.0023077005,0.001162302,-0.0025155067
13:59:11.430,0.00165842,-2.7228773E-4,0.0076237344
13:59:11.450,3.9394744E-4,-9.0423867E-4,9.2881295E-4
13:59:11.473,-0.0011835351,0.0020426307,-7.022257E-4
13:59:11.494,9.123568E-4,-0.004753429,-0.0067843897
13:59:11.512,0.0027986616,-3.2300828E-4,-0.0010522202
13:59:11.534,-9.968316E-4,0.0010276517,0.0030080662
13:59:11.553,-6.774215E-4,-0.0019315584,-0.0014675653
13:59:11.573,7.0868054E-4,0.0011180425,0.002854026
13:59:11.593,0.0010772645,0.0021048712,0.005644744
13:59:11.613,-0.0029855382,-0.0011817878,9.053762E-4
13:59:11.633,-9.2917454E-4,9.1393E-4,-0.0029204462
13:59:11.653,-3.968041E-4,0.0017014433,0.004622573
13:59:11.675,8.233235E-5,0.001091846,-0.0013327799
13:59:11.695,-0.0019034416,0.0020812943,-0.0011994533
13:59:11.715,-0.0036906388,1.1535231E-4,0.0030952003
13:59:11.735,1.940487E-4,-1.159094E-4,-5.101615E-4
13:59:11.755,-4.5083434E-5,0.0014337674,-0.005952338
13:59:11.776,0.0012777863,-0.0031041405,0.0010149744
13:59:11.795,-1.6835403E-4,0.002040258,0.0033304426
13:59:11.816,-5.909713E-4,-0.0025582989,-0.00469298
13:59:11.835,0.002544298,0.0023117887,-0.0029052754
13:59:11.852,3.123323E-4,-0.002533648,0.0068334024
13:59:11.872,-0.032238435,-0.12334962,0.06174092
13:59:11.892,0.12259674,0.15858984,0.12192422
13:59:11.912,-0.010292817,0.0069398354,-0.010898065
13:59:11.937,0.012928848,0.040083744,-0.019476188
